%YAML:1.0
---
camera matrix: !!opencv-matrix
   rows: 3
   cols: 3
   dt: d
   data: [ 9.8142082462224596e+02, 0., 6.1832313445103091e+02, 0.,
       9.8160823019128645e+02, 3.2623985649915147e+02, 0., 0., 1. ]
distortion coefficients: !!opencv-matrix
   rows: 1
   cols: 5
   dt: d
   data: [ -1.2681993205030465e-01, -3.3608492631370562e-01,
       1.1613483294644157e-04, 1.4671726513595338e-04,
       3.7688779211822909e-01 ]
